# Collocations

# Corpus: nature_full
# Query:  word,[lc="carbon"|lemma_lc="carbon"] 38866

	Freq	T-score	MI	logDice	
dioxide	3927	62.615	10.277	11.541	
organic	3219	56.531	8.108	10.912	
cycle	1561	39.263	7.325	9.939	
source	1126	33.326	7.186	9.545	
nitrogen	1085	32.644	6.803	9.415	
dissolved	854	29.088	7.754	9.305	
nanotubes	739	27.155	9.860	9.244	
inorganic	744	27.189	8.286	9.177	
soil	962	30.439	5.748	8.962	
sources	680	25.905	7.243	8.953	
isotope	650	25.331	7.280	8.901	
emissions	664	25.526	6.734	8.844	
atmospheric	698	26.089	6.320	8.816	
storage	586	24.077	7.538	8.798	
sequestration	515	22.656	9.248	8.720	
global	761	27.038	5.653	8.713	
monoxide	495	22.231	10.333	8.686	
fixation	522	22.697	7.248	8.618	
cycling	505	22.355	7.578	8.606	
black	523	22.596	6.388	8.499	
sink	426	20.574	8.302	8.422	
uptake	453	21.007	6.263	8.306	
terrestrial	408	20.004	6.698	8.240	
nanotube	347	18.604	9.582	8.170	
atoms	351	18.639	7.610	8.121	
fluxes	363	18.893	6.901	8.112	
flux	386	19.344	6.017	8.073	
total	482	21.260	4.983	8.050	
balance	342	18.341	6.926	8.036	
metabolism	366	18.780	5.768	7.965	
isotopic	308	17.384	6.729	7.881	
stocks	281	16.710	8.315	7.844	
net	285	16.675	6.351	7.742	
energy	360	18.311	4.840	7.720	
sole	253	15.868	8.722	7.707	
on	1352	33.277	3.396	7.697	
content	313	17.229	5.257	7.680	
particulate	251	15.784	8.075	7.679	
concentrations	350	17.995	4.713	7.652	
budget	246	15.614	7.790	7.641	
sinks	241	15.477	8.350	7.630	
of	9371	85.099	3.048	7.602	
and	7299	75.082	3.045	7.589	
from	1562	35.252	3.210	7.575	
assimilation	219	14.717	7.510	7.469	
activated	222	14.726	6.421	7.423	
export	210	14.386	7.108	7.393	
in	4880	60.230	2.859	7.389	
as	1217	30.667	3.048	7.382	
into	405	18.447	3.585	7.290	
burial	185	13.551	8.063	7.251	
forest	212	14.207	5.366	7.243	
exchange	198	13.855	6.027	7.237	
oxygen	234	14.711	4.705	7.230	
Dioxide	179	13.367	10.145	7.230	
single-walled	174	13.180	10.291	7.190	
materials	204	13.878	5.141	7.160	
pools	176	13.173	7.155	7.152	
porous	173	13.041	6.876	7.116	
accumulation	185	13.297	5.483	7.090	
ocean	236	14.485	4.130	7.079	
concentration	234	14.433	4.145	7.075	
isotopes	165	12.749	7.058	7.059	
land	181	13.119	5.331	7.043	
release	178	12.991	5.251	7.011	
ecosystem	179	12.938	4.922	6.967	
by	1154	28.226	2.564	6.957	
fixed	163	12.525	5.718	6.954	
through	253	14.568	3.572	6.934	
to	2488	40.613	2.428	6.932	
per	226	13.950	3.795	6.923	
levels	221	13.831	3.844	6.920	
Organic	146	12.024	7.688	6.908	
for	1549	32.078	2.435	6.888	
emission	154	12.129	5.466	6.855	
flow	176	12.560	4.231	6.804	
biomass	164	12.270	4.578	6.801	
amount	155	12.045	4.944	6.796	
between	360	16.354	2.857	6.792	
loss	161	12.150	4.558	6.775	
DOC	129	11.260	6.865	6.710	
the	5945	59.717	2.149	6.709	
hydrogen	141	11.521	5.070	6.696	
Cycle	122	11.020	8.790	6.671	
during	243	13.711	3.054	6.661	
stable	140	11.413	4.819	6.652	
Soil	131	11.193	5.500	6.648	
composition	162	11.909	3.959	6.645	
dynamics	150	11.631	4.312	6.644	
capture	125	11.031	6.224	6.637	
oceanic	131	11.150	5.277	6.626	
compounds	143	11.420	4.474	6.621	
derived	142	11.393	4.508	6.619	
stored	125	10.974	5.757	6.607	
amorphous	117	10.748	7.306	6.587	
production	186	12.310	3.360	6.585	
demand	118	10.761	6.731	6.581	
is	978	24.287	2.162	6.575	
increased	169	11.900	3.563	6.569	
rates	164	11.779	3.640	6.565	
substrates	122	10.699	4.995	6.503	
oxidation	131	10.900	4.390	6.502	
with	937	23.393	2.084	6.499	
central	123	10.672	4.726	6.479	
pool	111	10.323	5.633	6.439	
or	389	15.671	2.283	6.432	
that	870	22.174	2.010	6.421	
losses	105	10.117	6.305	6.402	
turnover	106	10.131	5.968	6.399	
--	164	11.275	3.064	6.357	
:	785	20.772	1.951	6.351	
elevated	106	10.017	5.209	6.344	
.	6123	55.359	1.773	6.341	
marine	147	10.874	3.278	6.340	
input	105	9.985	5.290	6.338	
tonnes	97	9.807	7.891	6.333	
than	222	12.309	2.524	6.315	
fibers	96	9.730	7.178	6.306	
sulfur	99	9.769	5.782	6.295	
anthropogenic	100	9.784	5.533	6.293	
price	94	9.653	7.848	6.288	
more	197	11.737	2.610	6.286	
released	99	9.716	5.412	6.270	
such	186	11.455	2.643	6.263	
methane	109	9.894	4.257	6.260	
ratios	104	9.779	4.606	6.253	
electrode	98	9.642	5.265	6.245	
a	1317	25.540	1.755	6.243	
increase	136	10.355	3.158	6.225	
cycles	103	9.671	4.407	6.214	
(	2807	36.041	1.645	6.190	
can	230	11.977	2.250	6.170	
fractionation	89	9.306	6.208	6.170	
reduced	110	9.695	3.726	6.167	
Nanotubes	85	9.210	9.986	6.159	
under	144	10.328	2.843	6.156	
graphitic	85	9.194	8.488	6.151	
Dissolved	85	9.189	8.234	6.149	
availability	91	9.191	4.776	6.103	
DIC	83	9.049	7.207	6.101	
The	641	17.547	1.704	6.099	
glassy	81	8.986	9.282	6.087	
prices	81	8.969	8.187	6.080	
excursion	81	8.968	8.150	6.079	
mineralization	82	8.969	6.718	6.073	
's	152	10.161	2.508	6.049	
other	166	10.414	2.383	6.049	
atom	79	8.807	6.768	6.021	
films	82	8.852	5.475	6.021	
increasing	94	9.031	3.867	6.015	
pump	79	8.763	6.148	6.002	
at	400	13.895	1.712	5.999	
C	118	9.381	2.874	5.992	
mesoporous	77	8.687	6.646	5.982	
microbial	132	9.575	2.585	5.975	
stock	77	8.659	6.245	5.970	
sulphur	78	8.646	5.568	5.958	
efficiency	85	8.744	4.278	5.957	
using	208	10.755	1.976	5.943	
could	123	9.309	2.638	5.938	
long-term	83	8.664	4.349	5.937	
will	115	9.167	2.784	5.935	
inputs	76	8.557	5.763	5.933	
use	109	9.059	2.918	5.932	
its	132	9.435	2.484	5.930	
reservoir	76	8.539	5.611	5.925	
amounts	79	8.572	4.814	5.922	
supply	78	8.552	4.979	5.919	
nanoparticles	80	8.552	4.513	5.909	
much	92	8.721	3.462	5.907	
dehydrogenase	75	8.471	5.518	5.902	
Atmospheric	74	8.399	5.404	5.878	
year	82	8.498	4.023	5.877	
sp2	70	8.351	9.080	5.877	
consumption	76	8.404	4.794	5.870	
intensity	81	8.460	4.060	5.867	
over	124	9.101	2.452	5.866	
Global	79	8.423	4.255	5.862	
up	93	8.609	3.220	5.861	
was	386	12.891	1.540	5.849	
biological	87	8.481	3.461	5.845	
old	71	8.238	5.487	5.826	
water	134	9.121	2.237	5.824	
reduction	86	8.367	3.355	5.808	
changes	114	8.745	2.466	5.803	
feedbacks	68	8.110	5.922	5.786	
are	404	12.720	1.446	5.782	
labile	66	8.066	7.141	5.775	
reduce	72	8.101	4.465	5.768	
Total	68	8.063	5.494	5.767	
their	141	8.988	2.040	5.756	
may	126	8.755	2.184	5.753	
substrate	79	8.126	3.544	5.751	
allocation	64	7.955	7.473	5.736	
catabolite	63	7.922	8.995	5.725	
tropical	76	8.008	3.618	5.719	
support	76	7.997	3.595	5.715	
cumulative	64	7.894	6.231	5.711	
,	5126	38.882	1.130	5.703	
budgets	62	7.833	7.586	5.692	
autotrophic	62	7.792	6.586	5.676	
active	78	7.902	3.248	5.675	
fix	61	7.760	7.269	5.665	
store	61	7.757	7.193	5.664	
has	143	8.607	1.835	5.649	
including	86	7.891	2.746	5.645	
TOC	60	7.703	7.490	5.644	
contents	62	7.689	5.414	5.636	
based	89	7.879	2.601	5.632	
ancient	62	7.674	5.302	5.631	
nutrients	65	7.686	4.422	5.631	
rate	92	7.896	2.500	5.627	
both	110	8.066	2.115	5.617	
nutrient	68	7.635	3.753	5.607	
within	98	7.850	2.272	5.594	
repression	58	7.534	6.543	5.581	
due	76	7.596	2.958	5.577	
estimates	67	7.528	3.638	5.571	
photosynthetic	60	7.479	4.859	5.560	
thin	60	7.464	4.781	5.555	
decomposition	59	7.461	5.122	5.553	
would	85	7.589	2.499	5.553	
high	103	7.746	2.078	5.550	
low	85	7.573	2.485	5.548	
POC	56	7.434	7.257	5.543	
annual	63	7.431	3.971	5.541	
all	122	7.892	1.808	5.535	
deep	67	7.405	3.390	5.529	
bacterial	102	7.625	2.029	5.519	
compositions	57	7.369	5.380	5.519	
Stable	55	7.341	6.621	5.507	
via	66	7.328	3.350	5.504	
permafrost	56	7.317	5.494	5.500	
utilization	56	7.303	5.374	5.495	
increases	65	7.287	3.379	5.491	
available	68	7.282	3.096	5.487	
pathways	66	7.273	3.255	5.486	
transport	66	7.244	3.207	5.476	
sequestered	53	7.249	7.852	5.470	
additional	63	7.217	3.463	5.468	
which	177	8.201	1.382	5.466	
light	73	7.206	2.675	5.458	
measurements	67	7.162	2.999	5.449	
when	82	7.207	2.292	5.446	
sequester	52	7.188	8.290	5.446	
have	163	7.947	1.405	5.445	
;	241	8.776	1.202	5.444	
higher	76	7.171	2.494	5.444	
without	67	7.140	2.969	5.442	
transfer	64	7.124	3.191	5.437	
carbonate	56	7.128	4.395	5.433	
deposition	56	7.073	4.189	5.414	
sedimentary	53	7.087	5.235	5.412	
produced	63	7.040	3.146	5.410	
ratio	65	7.014	2.944	5.402	
paper	59	7.022	3.543	5.401	
models	71	6.973	2.535	5.389	
gain	52	7.013	5.187	5.384	
surface	98	7.066	1.805	5.382	
Terrestrial	50	7.016	7.017	5.378	
emitted	50	6.994	6.511	5.370	
Black	51	6.979	5.456	5.369	
matrix	55	6.935	3.947	5.365	
phosphorus	52	6.946	4.764	5.361	
layer	61	6.879	3.068	5.357	
different	99	6.956	1.733	5.353	
Information	62	6.791	2.862	5.331	
Pathways	48	6.897	7.815	5.328	
?	62	6.755	2.815	5.320	
R.	126	6.989	1.406	5.317	
change	79	6.717	2.033	5.313	
coated	49	6.830	5.366	5.310	
regional	52	6.786	4.083	5.307	
multiwalled	47	6.850	10.210	5.306	
Nanotube	47	6.847	9.607	5.305	
limitation	50	6.800	4.704	5.304	
potential	68	6.679	2.396	5.303	
how	61	6.699	2.813	5.302	
less	62	6.689	2.732	5.300	
growth	85	6.652	1.844	5.292	
number	77	6.600	2.012	5.282	
buried	47	6.779	6.477	5.282	
View	87	6.610	1.779	5.281	
'	108	6.642	1.471	5.267	
electrodes	48	6.702	4.938	5.262	
model	87	6.528	1.736	5.260	
CO2	73	6.515	2.074	5.259	
acquisition	48	6.647	4.623	5.244	
gigatonnes	45	6.696	9.107	5.242	
reservoirs	46	6.640	5.576	5.229	
coating	46	6.622	5.399	5.223	
cost	47	6.578	4.625	5.215	
solubility	45	6.605	6.016	5.211	
continental	48	6.534	4.136	5.207	
plant	61	6.349	2.418	5.200	
coupled	49	6.488	3.773	5.198	
aligned	46	6.538	4.797	5.196	
Nature	95	6.270	1.487	5.195	
removal	47	6.498	4.261	5.190	
external	74	6.203	1.842	5.179	
nanoparticles@graphitized	43	6.553	10.410	5.178	
material	51	6.385	3.238	5.176	
processes	58	6.291	2.524	5.176	
unburned	43	6.543	8.825	5.175	
enhanced	49	6.412	3.574	5.174	
al.	204	6.750	0.923	5.173	
nitride	43	6.534	8.143	5.172	
values	65	6.218	2.128	5.172	
dots	45	6.484	4.904	5.172	
lost	45	6.471	4.823	5.167	
various	52	6.323	3.021	5.162	
credits	42	6.468	8.995	5.142	
an	154	6.219	1.003	5.137	
nanomaterials	42	6.435	7.151	5.131	
%	134	6.045	1.066	5.123	
excess	44	6.357	4.584	5.123	
associated	61	6.036	2.138	5.114	
mechanisms	52	6.150	2.765	5.112	
affect	47	6.242	3.483	5.110	
`	73	5.920	1.703	5.108	
distribution	58	6.044	2.277	5.107	
being	50	6.162	2.960	5.105	
iron	50	6.158	2.952	5.104	
density	54	6.085	2.541	5.103	
photosynthesis	44	6.284	4.246	5.101	
Ocean	52	6.102	2.701	5.098	
bulk	44	6.254	4.128	5.091	
record	47	6.155	3.290	5.084	
future	49	6.094	2.951	5.079	
converted	42	6.250	4.811	5.072	
feedstock	40	6.299	7.970	5.068	
elemental	41	6.250	5.381	5.063	
negative	47	6.079	3.143	5.062	
Co3O4	40	6.261	6.647	5.056	
where	60	5.818	2.006	5.054	
oxide	44	6.118	3.687	5.050	
phytoplankton	44	6.113	3.672	5.049	
variability	49	5.985	2.786	5.048	
chain	44	6.107	3.656	5.047	
estimate	45	6.074	3.403	5.045	
involved	50	5.942	2.647	5.042	
large	60	5.756	1.961	5.038	
window	66	5.673	1.729	5.035	
this	153	5.578	0.865	5.033	
film	42	6.106	4.112	5.028	
stores	39	6.209	7.457	5.028	
footprint	39	6.199	7.084	5.025	
because	57	5.728	2.051	5.020	
climate	68	5.581	1.630	5.018	
only	71	5.552	1.552	5.018	
composite	41	6.103	4.413	5.017	
but	84	5.461	1.307	5.016	
species	83	5.462	1.320	5.015	
system	62	5.633	1.813	5.014	
mass	52	5.782	2.335	5.010	
respiration	42	6.039	3.874	5.008	
cycle-climate	38	6.160	10.336	5.000	
single-wall	38	6.159	10.265	5.000	
flows	39	6.074	5.188	4.986	
H.	75	5.358	1.391	4.982	
fossil	40	6.020	4.375	4.981	
arrays	39	6.057	5.058	4.981	
degradation	44	5.871	3.122	4.978	
fluorescent	41	5.904	3.683	4.958	
reducing	40	5.940	4.041	4.958	
nanoporous	37	6.040	7.152	4.950	
one	64	5.321	1.579	4.946	
after	65	5.307	1.549	4.946	
forests	40	5.892	3.871	4.944	
analysis	82	5.120	1.202	4.943	
residual	38	5.955	4.876	4.938	
enrichment	40	5.855	3.751	4.933	
towards	41	5.816	3.447	4.933	
feedback	39	5.877	4.086	4.928	
glucose	43	5.710	2.952	4.924	
multi-walled	36	5.993	9.697	4.922	
influence	43	5.668	2.882	4.912	
cellular	44	5.616	2.705	4.907	
carbon	68	5.069	1.376	4.902	
spheres	36	5.914	6.129	4.898	
effects	53	5.287	1.869	4.889	
peapoded	35	5.911	10.113	4.881	
composites	36	5.856	5.383	4.881	
feedstocks	35	5.898	8.369	4.878	
nanofibers	35	5.895	8.130	4.877	
respired	35	5.895	8.121	4.877	
single	48	5.350	2.134	4.871	
conversion	38	5.721	3.796	4.870	
M.	115	4.543	0.795	4.868	
estimated	42	5.538	2.781	4.866	
preferred	35	5.813	5.849	4.853	
major	44	5.393	2.419	4.848	
present	50	5.173	1.898	4.842	
soils	40	5.521	2.976	4.839	
Capture	34	5.816	8.639	4.837	
13C-depleted	34	5.815	8.497	4.836	
effect	49	5.149	1.919	4.829	
if	44	5.318	2.334	4.829	
not	104	4.352	0.803	4.828	
graphene	39	5.518	3.103	4.826	
be	138	4.203	0.639	4.826	
equivalent	36	5.644	4.076	4.820	
A.	104	4.297	0.789	4.819	
onto	37	5.534	3.469	4.804	
D.	79	4.432	0.996	4.803	
gas	41	5.336	2.585	4.802	
starvation	34	5.675	5.220	4.796	
while	40	5.337	2.679	4.790	
photosynthetically	33	5.710	7.372	4.788	
skeleton	33	5.680	6.474	4.780	
were	198	3.757	0.448	4.779	
yield	37	5.415	3.187	4.771	
fiber	33	5.636	5.719	4.767	
nanostructures	33	5.626	5.599	4.764	
silicon	34	5.552	4.384	4.761	
temperature	59	4.571	1.304	4.760	
rising	33	5.586	5.180	4.753	
Single-Walled	32	5.652	10.322	4.753	
records	36	5.394	3.307	4.751	
remove	34	5.514	4.202	4.751	
following	40	5.139	2.415	4.739	
network	37	5.272	2.907	4.733	
added	38	5.211	2.692	4.732	
incorporation	33	5.473	4.402	4.721	
Ecosystem	32	5.540	5.599	4.721	
simple	35	5.339	3.357	4.720	
J.	154	3.352	0.454	4.718	
containing	41	4.961	2.150	4.707	
graphitized	31	5.562	9.905	4.706	
chemistry	34	5.332	3.548	4.701	
response	48	4.630	1.592	4.700	
F.	50	4.525	1.474	4.693	
coastal	35	5.220	3.088	4.689	
management	33	5.340	3.828	4.685	
analyses	41	4.861	2.054	4.683	
decrease	36	5.134	2.792	4.683	
)	980	2.631	0.127	4.672	
offset	31	5.434	5.377	4.671	
processing	33	5.271	3.602	4.667	
framework	32	5.342	4.167	4.667	
A	86	3.558	0.698	4.666	
S.	84	3.567	0.711	4.663	
Nitrogen	31	5.399	5.044	4.661	
G.	58	4.078	1.106	4.653	
deposited	32	5.287	3.935	4.652	
should	39	4.829	2.141	4.650	
Inorganic	30	5.439	7.167	4.650	
formation	43	4.617	1.757	4.649	
controls	34	5.131	3.058	4.649	
used	68	3.786	0.887	4.648	
also	74	3.648	0.796	4.646	
blue	38	4.856	2.236	4.643	
natural	40	4.736	1.993	4.641	
form	39	4.782	2.094	4.639	
no	48	4.297	1.396	4.627	
ordered	30	5.342	5.341	4.624	
most	51	4.164	1.262	4.624	
out	40	4.659	1.925	4.623	
signatures	30	5.313	5.064	4.616	
biodiversity	32	5.136	3.440	4.612	
Carbon	31	5.195	3.902	4.607	
aromatic	30	5.276	4.765	4.606	
doped	29	5.335	6.740	4.598	
absorb	29	5.328	6.567	4.596	
isotopically	29	5.324	6.467	4.595	
any	37	4.709	2.146	4.593	
pathway	37	4.692	2.129	4.589	
particles	34	4.885	2.624	4.587	
Pg	29	5.288	5.790	4.586	
implications	32	5.029	3.171	4.585	
anaerobic	32	5.025	3.162	4.584	
modelling	31	5.102	3.580	4.583	
g	37	4.608	2.045	4.569	
petagrams	28	5.285	9.663	4.559	
Sequestration	28	5.283	9.359	4.559	
measured	39	4.416	1.772	4.554	
assimilated	28	5.252	7.078	4.551	
productivity	31	4.972	3.224	4.549	
49	30	5.054	3.695	4.548	
discrimination	28	5.220	6.217	4.542	
since	31	4.938	3.144	4.541	
data	72	3.028	0.637	4.534	
important	40	4.260	1.615	4.533	
45	31	4.888	3.034	4.528	
two	57	3.431	0.874	4.524	
new	42	4.070	1.427	4.517	
understanding	32	4.737	2.621	4.512	
C.	67	3.008	0.661	4.508	
determined	36	4.393	1.901	4.504	
might	37	4.316	1.784	4.503	
belowground	27	5.159	7.142	4.499	
resulting	33	4.598	2.325	4.499	
aboveground	27	5.129	6.273	4.491	
exported	27	5.121	6.118	4.489	
neutral	28	5.010	4.231	4.488	
these	67	2.844	0.616	4.481	
conductive	27	5.082	5.505	4.479	
structure	43	3.809	1.254	4.474	
L.	54	3.265	0.848	4.473	
nanoparticle	27	5.056	5.208	4.472	
recycling	27	5.051	5.162	4.471	
evidence	35	4.287	1.861	4.464	
does	32	4.525	2.321	4.462	
calculated	34	4.348	1.975	4.460	
highly	34	4.345	1.972	4.459	
incorporated	27	4.999	4.717	4.458	
average	36	4.183	1.724	4.457	
50	38	4.039	1.536	4.457	
atomically	26	5.089	9.044	4.452	
nitrogen-doped	26	5.087	8.718	4.451	
-	101	1.822	0.289	4.451	
forms	29	4.758	3.102	4.451	
allochthonous	26	5.083	8.316	4.450	
oxidized	27	4.953	4.416	4.446	
Earth	35	4.200	1.786	4.444	
recalcitrant	26	5.043	6.499	4.440	
fluvial	26	5.033	6.265	4.437	
48	29	4.681	2.934	4.432	
market	26	5.006	5.777	4.430	
significant	37	3.935	1.502	4.420	
ozone	27	4.841	3.872	4.418	
This	59	2.745	0.638	4.418	
K.	48	3.225	0.904	4.414	
synthesis	32	4.254	2.011	4.400	
aerosols	26	4.871	4.483	4.397	
tetrachloride	25	4.996	10.147	4.397	
pricing	25	4.993	9.562	4.396	
monolithic	25	4.984	8.326	4.394	
markets	25	4.962	7.031	4.388	
costs	26	4.833	4.262	4.387	
thus	31	4.277	2.109	4.384	
As	35	3.919	1.567	4.384	
observed	43	3.315	1.016	4.378	
trends	28	4.541	2.817	4.373	
Gt	25	4.900	5.644	4.373	
across	33	4.037	1.750	4.372	
contain	28	4.536	2.809	4.372	
SOC	25	4.891	5.516	4.370	
W.	43	3.277	0.999	4.370	
modern	27	4.636	3.213	4.369	
control	40	3.450	1.138	4.365	
Oxygen	25	4.857	5.124	4.362	
sediment	30	4.251	2.159	4.356	
caused	28	4.464	2.677	4.355	
like	27	4.573	3.060	4.354	
*	172	-0.193	-0.021	4.350	
boreal	25	4.806	4.688	4.349	
products	29	4.318	2.335	4.347	
fractions	26	4.658	3.532	4.345	
13C	26	4.632	3.447	4.339	
vegetation	26	4.620	3.411	4.336	
sequestering	24	4.876	7.719	4.333	
forcing	27	4.483	2.866	4.333	
Anthropogenic	24	4.856	6.845	4.328	
Microbial	27	4.455	2.810	4.326	
Bacterial	26	4.551	3.219	4.320	
algal	25	4.679	3.960	4.319	
about	35	3.588	1.345	4.315	
provide	30	4.061	1.951	4.314	
modified	26	4.519	3.135	4.312	
regulation	28	4.250	2.344	4.307	
accounting	24	4.764	5.183	4.306	
consumed	24	4.726	4.827	4.297	
injection	25	4.582	3.580	4.296	
sensitivity	27	4.300	2.536	4.291	
patterns	30	3.894	1.790	4.278	
holey	23	4.791	10.026	4.276	
lower	32	3.669	1.509	4.275	
range	33	3.567	1.400	4.274	
supports	24	4.631	4.193	4.274	
terms	27	4.221	2.414	4.273	
produce	27	4.218	2.410	4.272	
role	33	3.544	1.384	4.270	
Porous	23	4.754	6.830	4.267	
skeletons	23	4.747	6.625	4.266	
some	35	3.320	1.188	4.262	
TiO2	24	4.569	3.892	4.259	
enhance	24	4.569	3.891	4.259	
fraction	27	4.136	2.293	4.254	
alternative	25	4.367	2.981	4.246	
main	26	4.220	2.536	4.244	
quantity	23	4.645	4.991	4.241	
accumulate	23	4.623	4.793	4.236	
partitioning	23	4.607	4.669	4.232	
tree	26	4.161	2.442	4.231	
massive	23	4.591	4.551	4.229	
they	35	3.143	1.093	4.228	
remains	25	4.238	2.715	4.217	
relative	32	3.339	1.287	4.209	
percentage	24	4.328	3.101	4.204	
bacterioplankton	23	4.473	3.892	4.201	
diversity	34	3.064	1.075	4.195	
riverine	22	4.614	5.933	4.195	
releases	22	4.610	5.864	4.194	
green	27	3.834	1.932	4.189	
catabolism	22	4.588	5.512	4.189	
Enhanced	22	4.584	5.460	4.188	
each	45	2.080	0.536	4.184	
biogenic	22	4.555	5.119	4.182	
contained	24	4.221	2.854	4.180	
``	28	3.660	1.697	4.180	
evolution	29	3.534	1.540	4.180	
pressure	25	4.051	2.397	4.176	
mineral	23	4.362	3.465	4.176	
gases	23	4.359	3.457	4.175	
Abstract	28	3.624	1.666	4.173	
''	28	3.609	1.653	4.170	
times	27	3.740	1.835	4.170	
synthesized	23	4.329	3.361	4.169	
globally	22	4.456	4.325	4.159	
solid	24	4.124	2.660	4.159	
relationship	25	3.925	2.217	4.149	
either	27	3.624	1.724	4.146	
primary	26	3.760	1.929	4.145	
studies	33	2.866	0.997	4.139	
remineralization	21	4.540	6.758	4.136	
Net	21	4.530	6.440	4.134	
Project	22	4.335	3.721	4.131	
above-ground	21	4.516	6.102	4.131	
supported	25	3.804	2.064	4.123	
shift	23	4.114	2.815	4.121	
acid	31	2.979	1.105	4.119	
addition	29	3.223	1.316	4.118	
methanol	22	4.277	3.504	4.118	
fuel	22	4.232	3.355	4.108	
we	53	1.007	0.215	4.104	
back	22	4.202	3.264	4.102	
T.	39	2.045	0.572	4.099	
Forest	21	4.370	4.431	4.098	
unit	22	4.144	3.102	4.089	
E.	45	1.466	0.356	4.088	
diffusion	22	4.134	3.075	4.087	
before	27	3.285	1.443	4.078	
alter	21	4.258	3.820	4.073	
rather	23	3.870	2.372	4.069	
catalyst	21	4.230	3.699	4.067	
MAC	20	4.431	6.754	4.066	
drawdown	20	4.430	6.726	4.066	
must	23	3.853	2.347	4.065	
OC	20	4.404	6.045	4.060	
rearrangement	20	4.391	5.783	4.057	
among	26	3.320	1.519	4.056	
functionalized	20	4.383	5.644	4.056	
corresponding	24	3.634	1.953	4.056	
aerosol	21	4.174	3.488	4.055	
level	28	2.999	1.207	4.051	
Regional	20	4.359	5.305	4.050	
hollow	20	4.357	5.276	4.050	
remaining	21	4.132	3.345	4.045	
secondary	22	3.914	2.595	4.040	
fibres	20	4.292	4.638	4.036	
quantities	20	4.279	4.533	4.033	
graphite	20	4.267	4.446	4.030	
fate	20	4.260	4.400	4.029	
metabolic	25	3.328	1.581	4.027	
Amazon	20	4.255	4.362	4.027	
fertilization	20	4.245	4.298	4.025	
time	36	1.871	0.539	4.023	
N.	30	2.559	0.909	4.020	
Although	26	3.118	1.364	4.018	
Y.	27	2.953	1.212	4.015	
For	33	2.116	0.663	4.008	
compared	27	2.913	1.186	4.008	
mg	22	3.755	2.326	4.007	
nanodots	19	4.341	7.903	3.998	
include	22	3.705	2.251	3.997	
outgassing	19	4.326	7.065	3.995	
tape	19	4.326	7.058	3.995	
copper	20	4.077	3.499	3.989	
microspheres	19	4.298	6.154	3.988	
act	20	4.065	3.459	3.987	
fresh	20	4.051	3.408	3.984	
High-resolution	19	4.262	5.488	3.980	
process	25	3.067	1.371	3.977	
tropospheric	19	4.225	5.023	3.972	
activity	31	2.142	0.701	3.970	
extra	19	4.214	4.911	3.970	
versus	22	3.560	2.053	3.968	
deforestation	19	4.202	4.795	3.968	
peat	19	4.198	4.760	3.967	
tundra	19	4.185	4.647	3.964	
volatile	19	4.172	4.544	3.961	
substantial	20	3.927	3.037	3.958	
show	27	2.636	1.021	3.957	
47	20	3.920	3.017	3.956	
capacity	21	3.701	2.378	3.955	
persistent	19	4.144	4.341	3.955	
decreased	21	3.692	2.363	3.953	
Full	36	1.399	0.383	3.948	
initial	22	3.451	1.920	3.946	
mainly	20	3.869	2.891	3.946	
direct	22	3.449	1.917	3.946	
electron	23	3.235	1.619	3.942	
respectively	27	2.540	0.968	3.940	
it	39	0.924	0.231	3.926	
and/or	20	3.773	2.678	3.926	
glucose-derived	18	4.235	9.120	3.922	
fluctuations	19	3.983	3.536	3.921	
Particulate	18	4.226	8.010	3.920	
tax	18	4.225	7.893	3.920	
networks	20	3.742	2.614	3.920	
mean	27	2.421	0.905	3.919	
grams	18	4.216	7.304	3.918	
individual	23	3.104	1.503	3.917	
Enrichment	18	4.195	6.476	3.914	
exchanges	18	4.195	6.471	3.913	
inventories	18	4.178	6.029	3.910	
gains	18	4.177	6.017	3.910	
grasslands	18	4.146	5.461	3.903	
inventory	18	4.122	5.141	3.898	
yellow	19	3.852	3.105	3.894	
driven	19	3.832	3.049	3.890	
inactive	18	4.069	4.614	3.887	
difference	21	3.346	1.890	3.885	
complex	25	2.560	1.035	3.885	
If	20	3.561	2.295	3.883	
accumulated	18	4.044	4.415	3.882	
precursors	18	4.025	4.283	3.878	
variations	20	3.525	2.239	3.876	
metal	20	3.508	2.214	3.873	
along	22	3.070	1.533	3.873	
specific	24	2.664	1.133	3.871	
Regulation	18	3.989	4.065	3.870	
measure	19	3.733	2.799	3.870	
43	19	3.724	2.779	3.868	
signature	18	3.977	3.997	3.868	
abundance	24	2.638	1.115	3.866	
2	52	-0.768	-0.146	3.863	
reported	22	3.013	1.483	3.862	
adding	18	3.937	3.796	3.860	
bonds	18	3.928	3.753	3.858	
given	21	3.152	1.679	3.848	
edge	18	3.877	3.537	3.847	
biogeochemical	18	3.869	3.506	3.846	
heterotrophic	18	3.867	3.498	3.845	
wt	18	3.847	3.422	3.841	
limits	18	3.844	3.411	3.841	
induced	20	3.342	1.984	3.841	
gasified	17	4.118	9.742	3.840	
debt	17	4.111	8.389	3.839	
sp3	17	4.109	8.193	3.838	
nanofiber	17	4.109	8.175	3.838	
tons	17	4.089	6.912	3.834	
Volcanic	17	4.088	6.875	3.834	
balances	17	4.081	6.609	3.832	
below-ground	17	4.079	6.561	3.832	
fixing	17	4.079	6.549	3.832	
microporous	17	4.078	6.526	3.832	
offsets	17	4.077	6.475	3.832	
aliphatic	17	4.077	6.469	3.832	
Initiative	17	4.061	6.054	3.828	
Program	18	3.782	3.204	3.828	
structures	21	3.036	1.567	3.826	
grids	17	4.045	5.716	3.825	
conservation	18	3.750	3.106	3.822	
Neoproterozoic	17	4.029	5.450	3.822	
Increasing	17	4.018	5.293	3.820	
usage	17	4.014	5.242	3.819	
doubling	17	4.004	5.111	3.817	
around	20	3.201	1.815	3.814	
calcium	18	3.709	2.991	3.814	
cell	39	0.120	0.028	3.813	
properties	21	2.946	1.486	3.810	
AC	17	3.966	4.714	3.809	
acids	20	3.173	1.783	3.809	
backbone	17	3.958	4.646	3.807	
greater	20	3.146	1.754	3.804	
exogenous	17	3.936	4.462	3.803	
length	20	3.103	1.708	3.796	
taken	19	3.349	2.110	3.795	
proportion	18	3.606	2.736	3.793	
sediments	20	3.085	1.689	3.792	
reactions	19	3.272	2.004	3.780	
so	21	2.757	1.328	3.776	
contribution	18	3.505	2.524	3.774	
table	19	3.234	1.954	3.773	
requires	18	3.502	2.518	3.773	
plus	17	3.732	3.400	3.762	
become	18	3.440	2.402	3.761	
differences	21	2.675	1.264	3.761	
labelled	17	3.716	3.339	3.759	
transformation	17	3.709	3.315	3.757	
Vulcan	16	3.993	9.200	3.752	
3-hydroxypropionate/4-hydroxybutyrate	16	3.993	9.088	3.752	
had	22	2.394	1.030	3.752	
Autotrophic	16	3.986	8.200	3.751	
payments	16	3.978	7.527	3.749	
overall	18	3.363	2.270	3.747	
Corg	16	3.964	6.802	3.747	
atmosphere-ocean	16	3.960	6.642	3.746	
peatland	16	3.959	6.609	3.746	
But	18	3.356	2.259	3.745	
excursions	16	3.957	6.552	3.745	
Storage	16	3.956	6.509	3.745	
doubled	16	3.937	5.992	3.741	
genes	33	0.354	0.092	3.739	
inside	17	3.613	3.014	3.739	
contains	18	3.316	2.195	3.738	
coatings	16	3.906	5.410	3.735	
prepared	18	3.279	2.139	3.731	
enriched	17	3.568	2.892	3.730	
Next	21	2.481	1.125	3.727	
fibre	16	3.850	4.739	3.724	
convert	16	3.845	4.692	3.723	
Low	16	3.825	4.515	3.719	
represent	20	2.671	1.312	3.717	
supplied	16	3.810	4.397	3.716	
Increased	16	3.789	4.246	3.712	
three	25	1.520	0.523	3.711	
P.	36	-0.277	-0.065	3.711	
down	17	3.467	2.651	3.711	
especially	17	3.433	2.578	3.704	
missing	16	3.745	3.974	3.703	
Arctic	18	3.120	1.918	3.701	
responses	19	2.831	1.513	3.699	
linked	17	3.384	2.480	3.695	
rapidly	17	3.382	2.477	3.695	
whether	19	2.798	1.481	3.693	
atmosphere	18	3.069	1.854	3.692	
quality	17	3.346	2.408	3.688	
little	17	3.303	2.329	3.680	
affects	16	3.615	3.377	3.678	
owing	17	3.265	2.265	3.673	
impact	18	2.944	1.707	3.669	
aerobic	16	3.564	3.199	3.668	
whereas	20	2.383	1.098	3.667	
rise	17	3.227	2.202	3.666	
precursor	16	3.540	3.122	3.664	
mixed	17	3.207	2.171	3.662	
aquatic	16	3.524	3.070	3.661	
microfibers	15	3.868	9.732	3.660	
walled	15	3.865	8.995	3.659	
plantings	15	3.863	8.562	3.659	
tonne	15	3.856	7.825	3.657	
relatively	18	2.865	1.622	3.655	
mechanism	19	2.560	1.277	3.652	
changing	16	3.474	2.928	3.651	
nitrate	17	3.139	2.067	3.650	
largest	16	3.463	2.896	3.649	
suggests	18	2.824	1.581	3.648	
disordered	15	3.802	5.770	3.647	
fertility	15	3.793	5.596	3.645	
B.	29	0.321	0.089	3.645	
previously	19	2.514	1.240	3.644	
entering	15	3.777	5.331	3.642	
transformations	15	3.770	5.227	3.641	
hybridized	15	3.767	5.195	3.640	
greenhouse	16	3.392	2.718	3.636	
found	24	1.219	0.413	3.633	
fuels	15	3.690	4.404	3.625	
vents	15	3.683	4.347	3.624	
delta13C	15	3.674	4.281	3.622	
many	21	1.853	0.747	3.622	
plants	19	2.383	1.141	3.622	
C4	15	3.668	4.241	3.621	
CH4	16	3.305	2.524	3.620	
gray	15	3.658	4.173	3.619	
five	17	2.970	1.838	3.619	
indicate	20	2.093	0.911	3.619	
white	16	3.286	2.485	3.616	
our	25	0.888	0.282	3.615	
layers	16	3.257	2.428	3.611	
transported	15	3.610	3.879	3.610	
affecting	15	3.566	3.656	3.602	
rich	15	3.562	3.637	3.601	
anomaly	15	3.557	3.615	3.600	
obtained	20	1.972	0.839	3.599	
presence	20	1.965	0.835	3.598	
components	17	2.834	1.677	3.595	
multiple	18	2.515	1.296	3.594	
shelf	15	3.524	3.472	3.594	
generated	18	2.513	1.294	3.594	
reduces	15	3.521	3.462	3.594	
been	34	-0.960	-0.220	3.587	
makes	15	3.484	3.317	3.587	
double	15	3.445	3.178	3.579	
substantially	15	3.427	3.119	3.576	
cause	16	3.051	2.076	3.574	
roots	15	3.364	2.928	3.564	
small	20	1.754	0.719	3.564	
even	18	2.314	1.137	3.560	
Riverine	14	3.732	8.632	3.559	
required	18	2.307	1.132	3.559	
Aligned	14	3.727	8.008	3.558	
near	16	2.955	1.937	3.557	
StumbleUpon	15	3.310	2.783	3.555	
credit	14	3.690	6.173	3.551	
information	36	-1.584	-0.338	3.549	
fossil-fuel	14	3.675	5.816	3.549	
nanostructured	14	3.668	5.663	3.547	
Letter	15	3.268	2.680	3.547	
accumulating	14	3.662	5.563	3.546	
although	17	2.539	1.380	3.544	
1D	14	3.642	5.231	3.542	
determinant	14	3.619	4.932	3.538	
utilized	14	3.612	4.849	3.537	
sinking	14	3.607	4.797	3.536	
44	15	3.187	2.497	3.532	
significantly	18	2.139	1.012	3.531	
molecules	17	2.463	1.313	3.531	
limited	16	2.804	1.742	3.530	
minimum	15	3.164	2.449	3.528	
indicates	17	2.435	1.289	3.527	
preservation	14	3.556	4.336	3.527	
abundant	16	2.764	1.694	3.523	
current	17	2.401	1.260	3.521	
variation	17	2.396	1.255	3.520	
parameters	16	2.735	1.661	3.519	
efflux	14	3.468	3.775	3.510	
anode	14	3.468	3.772	3.510	
ecosystems	16	2.628	1.543	3.500	
modelled	14	3.396	3.438	3.497	
These	22	0.746	0.250	3.493	
readily	14	3.359	3.291	3.491	
directly	16	2.563	1.477	3.489	
controlling	14	3.349	3.254	3.489	
involving	14	3.345	3.238	3.488	
silica	14	3.309	3.111	3.482	
calculations	14	3.307	3.106	3.481	
adjacent	14	3.259	2.953	3.473	
When	15	2.822	1.882	3.469	
called	14	3.218	2.837	3.465	
Change	16	2.364	1.290	3.456	
profiles	15	2.740	1.773	3.454	
insights	14	3.155	2.672	3.454	
sp2-bonded	13	3.602	10.203	3.454	
non-porous	13	3.598	8.825	3.453	
represents	15	2.726	1.756	3.452	
trading	13	3.589	7.806	3.451	
concentrating	13	3.583	7.329	3.450	
dominated	14	3.129	2.611	3.450	
Activated	13	3.579	7.099	3.449	
plant-derived	13	3.578	7.044	3.449	
Rising	13	3.576	6.911	3.449	
bonded	13	3.573	6.797	3.448	
obtain	14	3.120	2.590	3.448	
primarily	14	3.116	2.580	3.447	
except	14	3.105	2.554	3.446	
bound	14	3.104	2.552	3.445	
detrital	13	3.540	5.788	3.442	
analyzer	13	3.528	5.540	3.440	
Emissions	13	3.520	5.396	3.439	
releasing	13	3.519	5.386	3.439	
integrated	14	3.060	2.456	3.438	
transferred	14	3.058	2.453	3.437	
rapid	15	2.609	1.616	3.433	
C1	13	3.447	4.507	3.426	
probably	15	2.546	1.546	3.422	
BC	13	3.426	4.324	3.422	
microbes	14	2.958	2.255	3.420	
An	16	2.128	1.096	3.418	
samples	23	-0.065	-0.019	3.417	
warming	16	2.104	1.077	3.414	
numbers	15	2.473	1.468	3.410	
four	16	2.067	1.050	3.408	
units	14	2.869	2.100	3.405	
example	20	0.685	0.240	3.404	
acetate	14	2.862	2.088	3.404	
glacial	14	2.858	2.083	3.403	
pulse	13	3.320	3.660	3.403	
then	19	0.973	0.364	3.401	
depleted	13	3.302	3.570	3.400	
well	19	0.955	0.357	3.398	
rhizosphere	13	3.281	3.473	3.396	
biosphere	13	3.277	3.456	3.396	
US	14	2.813	2.011	3.396	
square	13	3.267	3.413	3.394	
In	43	-4.129	-0.705	3.392	
quantify	13	3.245	3.323	3.390	
toward	13	3.236	3.286	3.388	
drive	13	3.235	3.282	3.388	
novel	15	2.325	1.323	3.386	
1	43	-4.215	-0.716	3.384	
possible	16	1.908	0.935	3.383	
labeled	13	3.183	3.092	3.379	
bond	13	3.174	3.064	3.378	
To	19	0.777	0.283	3.373	
signals	14	2.652	1.779	3.369	
diverse	14	2.628	1.748	3.365	
depends	13	3.084	2.791	3.362	
unique	14	2.607	1.721	3.361	
enough	13	3.064	2.735	3.359	
known	17	1.371	0.583	3.359	
state	15	2.152	1.170	3.358	
inferred	13	3.050	2.698	3.356	
respect	13	3.033	2.656	3.354	
stability	14	2.559	1.662	3.353	
standard	15	2.029	1.071	3.339	
formed	14	2.469	1.556	3.339	
dioxide1	12	3.462	10.410	3.338	
nanotube-based	12	3.461	10.187	3.338	
Nanoporous	12	3.447	7.637	3.336	
Balance	12	3.446	7.569	3.336	
land-atmosphere	12	3.445	7.503	3.335	
sufficient	13	2.925	2.405	3.335	
savings	12	3.438	7.052	3.334	
Mesoporous	12	3.429	6.637	3.333	
hectare	12	3.423	6.402	3.332	
cloth	12	3.419	6.260	3.331	
quaternary	12	3.417	6.213	3.331	

