# Collocations

# Corpus: nature_full
# Query:  word,[lc="nitrogen"|lemma_lc="nitrogen"] 14527

	Freq	T-score	MI	logDice	
and	3837	56.607	3.537	6.690	
of	3314	50.211	2.968	6.125	
in	2715	47.281	3.433	6.581	
.	2693	38.993	2.008	5.170	
,	2426	31.481	1.471	4.634	
the	1810	30.766	1.853	5.012	
fixation	1490	38.567	10.181	11.312	
(	1110	23.248	1.726	4.880	
carbon	1031	31.804	6.718	9.395	
to	959	25.388	2.473	5.610	
)	703	13.860	1.067	4.220	
liquid	649	25.414	8.699	10.039	
for	584	19.735	2.447	5.565	
by	582	21.101	2.996	6.090	
cycle	538	23.038	7.208	9.310	
phosphorus	495	22.216	9.435	9.887	
from	454	18.347	2.847	5.929	
is	443	17.168	2.440	5.541	
with	435	16.897	2.397	5.500	
a	432	13.768	1.567	4.698	
on	405	17.739	3.077	6.132	
deposition	394	19.792	8.424	9.431	
as	372	16.435	2.758	5.827	
cycling	330	18.112	8.384	9.221	
that	325	13.550	2.009	5.110	
:	309	13.262	2.026	5.122	
source	281	16.591	6.603	8.522	
inorganic	250	15.755	8.132	8.849	
fixed	244	15.546	7.720	8.737	
organic	235	15.045	5.752	7.985	
oxygen	234	15.078	6.125	8.164	
The	233	10.447	1.664	4.758	
limitation	220	14.784	8.261	8.717	
total	219	14.414	5.265	7.669	
reactive	218	14.727	8.617	8.754	
under	218	14.257	4.861	7.416	
soil	217	14.277	5.019	7.515	
metabolism	213	14.422	6.407	8.204	
or	205	12.231	2.779	5.768	
gas	200	13.962	6.292	8.104	
was	179	9.671	1.851	4.910	
sources	176	13.140	6.713	8.127	
availability	176	13.173	7.148	8.242	
at	176	9.827	1.947	4.997	
;	169	9.988	2.110	5.140	
content	165	12.607	5.753	7.719	
N	164	12.407	5.004	7.342	
are	158	8.159	1.511	4.581	
global	152	11.870	4.749	7.149	
rates	150	11.846	4.931	7.244	
marine	150	11.785	4.727	7.128	
dissolved	145	11.919	6.616	7.899	
uptake	141	11.689	5.999	7.679	
oxides	138	11.723	8.928	8.183	
assimilation	128	11.274	8.155	8.020	
atmospheric	126	10.934	5.270	7.288	
into	124	10.003	3.297	6.071	
isotope	123	10.950	6.298	7.639	
loss	118	10.628	5.530	7.343	
fix	115	10.710	9.604	7.967	
stored	113	10.549	7.031	7.711	
atoms	113	10.567	7.394	7.769	
addition	109	10.023	4.646	6.878	
inputs	107	10.294	7.676	7.737	
species	106	9.089	3.093	5.861	
al.	104	6.255	1.371	4.405	
mineralization	98	9.870	8.394	7.687	
were	98	4.419	0.853	3.921	
such	93	8.489	3.063	5.791	
input	93	9.540	6.534	7.389	
during	90	8.334	3.040	5.762	
can	88	7.454	2.284	5.166	
Carbon	85	9.135	6.776	7.327	
available	83	8.784	4.803	6.746	
compounds	83	8.846	5.109	6.868	
between	81	6.936	2.124	5.014	
involved	81	8.668	4.763	6.708	
dynamics	80	8.629	4.825	6.724	
atmosphere	80	8.736	5.426	6.943	
concentrations	78	8.267	3.967	6.289	
using	77	6.522	1.962	4.867	
fertilizer	76	8.696	8.612	7.353	
levels	76	8.058	3.723	6.134	
genes	75	7.324	2.696	5.439	
stream	75	8.600	7.170	7.225	
adsorption	74	8.548	7.304	7.223	
sulfur	73	8.465	6.762	7.139	
cycles	71	8.211	5.290	6.783	
removal	69	8.196	6.235	6.984	
analysis	68	6.631	2.352	5.144	
more	67	6.712	2.474	5.232	
through	66	7.145	3.053	5.636	
rate	65	7.308	3.418	5.861	
fertilization	64	7.953	7.396	7.042	
may	63	6.632	2.604	5.304	
supply	63	7.821	6.091	6.850	
concentration	63	7.314	3.672	5.988	
use	62	7.189	3.524	5.895	
biological	62	7.499	4.392	6.329	
dioxide	61	7.659	5.688	6.730	
which	61	4.561	1.265	4.225	
increased	60	7.056	3.488	5.854	
J.	60	2.322	0.514	3.554	
an	59	3.943	1.039	4.022	
oceanic	58	7.450	5.522	6.635	
forms	58	7.450	5.521	6.635	
anthropogenic	57	7.443	6.142	6.741	
high	56	6.265	2.619	5.265	
response	56	6.688	3.234	5.664	
has	56	5.481	1.902	4.732	
flow	56	7.015	3.998	6.072	
microbial	56	6.385	2.768	5.368	
water	55	5.984	2.372	5.083	
oxide	55	7.244	5.429	6.554	
transformations	55	7.396	8.521	6.902	
than	55	5.471	1.931	4.749	
effects	55	6.685	3.342	5.717	
per	53	6.444	3.122	5.565	
isotherms	53	7.266	8.976	6.864	
--	53	6.273	2.854	5.397	
sulphur	53	7.196	6.430	6.695	
new	52	6.401	3.155	5.573	
%	52	3.893	1.120	4.068	
additions	51	7.120	8.365	6.791	
symbiotic	51	7.061	6.476	6.652	
other	51	5.476	2.100	4.853	
not	50	3.920	1.166	4.099	
losses	50	7.001	6.655	6.648	
role	50	6.403	3.403	5.690	
-	50	2.700	0.694	3.689	
used	49	5.036	1.834	4.636	
ratio	48	6.472	3.926	5.918	
CO2	48	5.993	2.889	5.367	
plant	47	6.233	3.462	5.679	
after	47	5.644	2.501	5.105	
excess	47	6.756	6.099	6.499	
control	47	5.864	2.790	5.294	
regulation	47	6.555	4.511	6.128	
R.	47	4.264	1.403	4.281	
isotopic	47	6.697	5.436	6.381	
have	47	3.500	1.031	3.970	
when	46	5.860	2.878	5.337	
blue	46	6.338	3.931	5.885	
doping	45	6.689	8.479	6.621	
starvation	45	6.657	7.044	6.547	
limited	45	6.442	4.654	6.131	
reduced	45	6.245	3.856	5.835	
over	44	5.357	2.377	4.991	
budget	44	6.571	6.727	6.490	
particulate	44	6.581	6.983	6.512	
A.	43	3.127	0.935	3.870	
emissions	43	6.202	4.205	5.936	
be	43	1.506	0.376	3.383	
Total	43	6.471	6.253	6.409	
sorption	42	6.462	8.431	6.523	
but	42	4.523	1.727	4.503	
this	42	1.636	0.420	3.418	
amide	41	6.380	8.105	6.478	
iron	41	6.026	4.086	5.849	
pollution	40	6.273	6.952	6.383	
adsorption-desorption	40	6.319	10.245	6.484	
phosphorous	40	6.319	10.064	6.482	
stable	40	6.031	4.431	5.945	
could	39	5.063	2.401	4.948	
including	39	5.477	3.024	5.321	
M.	39	2.278	0.655	3.609	
fixers	39	6.237	9.615	6.441	
transfer	39	5.826	3.896	5.731	
conditions	39	5.141	2.500	5.012	
export	38	6.072	6.061	6.229	
fixing	38	6.153	9.129	6.397	
also	38	3.580	1.254	4.102	
dried	38	6.084	6.261	6.253	
active	38	5.667	3.631	5.599	
external	38	4.913	2.300	4.869	
utilization	38	6.083	6.234	6.250	
mineral	38	6.038	5.609	6.164	
nitrate	38	5.918	4.647	5.957	
amount	37	5.773	4.297	5.826	
A	37	2.826	0.901	3.807	
N2	37	5.902	5.074	6.032	
different	37	4.252	1.733	4.461	
isotopes	37	6.007	6.321	6.225	
sole	37	6.046	7.368	6.304	
low	37	5.150	2.705	5.107	
fluxes	37	5.896	5.026	6.022	
their	36	3.865	1.490	4.270	
ammonia	36	5.881	5.660	6.107	
intermediates	36	5.934	6.509	6.207	
data	36	3.116	1.057	3.928	
flux	36	5.629	4.015	5.704	
temperature	35	4.407	1.971	4.608	
added	35	5.545	3.993	5.670	
production	35	4.772	2.370	4.872	
C.	34	3.114	1.102	3.948	
In	34	1.339	0.376	3.342	
effect	34	5.000	2.811	5.115	
enrichment	34	5.641	4.937	5.907	
up	34	5.191	3.188	5.309	
within	34	4.531	2.165	4.725	
combined	32	5.398	4.452	5.723	
phosphate	32	5.424	4.603	5.762	
's	32	3.891	1.680	4.365	
storage	31	5.356	4.717	5.755	
atom	31	5.519	6.838	6.033	
?	31	4.976	3.235	5.260	
both	31	3.863	1.707	4.371	
required	31	5.016	3.336	5.305	
demand	30	5.401	6.175	5.938	
efficiency	30	5.178	4.195	5.584	
form	30	4.854	3.135	5.189	
net	30	5.239	4.522	5.672	
red	29	4.647	2.866	5.034	
'	29	2.680	0.993	3.814	
expression	29	3.994	1.953	4.507	
*	29	-6.729	-1.170	1.915	
composition	29	4.662	2.897	5.049	
measurements	29	4.804	3.211	5.196	
ratios	29	5.089	4.183	5.546	
before	29	4.696	2.966	5.083	
isotherm	29	5.370	8.493	6.003	
without	29	4.791	3.181	5.183	
contents	28	5.189	5.687	5.797	
reduction	28	4.698	3.156	5.143	
all	28	2.831	1.105	3.889	
status	28	5.183	5.603	5.786	
increase	27	4.100	2.245	4.649	
biologically	27	5.147	6.723	5.839	
Fixation	27	5.192	10.209	5.920	
influence	27	4.777	3.630	5.300	
molecular	27	4.496	2.892	4.994	
hydrogen	27	4.894	4.105	5.450	
P.	26	2.338	0.885	3.696	
chronic	26	4.996	5.634	5.696	
changes	26	3.587	1.754	4.322	
methane	26	4.681	3.609	5.257	
associated	26	4.083	2.328	4.674	
W.	26	3.522	1.693	4.282	
sites	26	4.233	2.558	4.800	
upshift	26	5.094	10.071	5.865	
Biological	26	4.936	4.970	5.602	
will	26	3.875	2.059	4.516	
soils	25	4.620	3.718	5.256	
pathways	25	4.483	3.275	5.097	
until	25	4.747	4.302	5.420	
regulator	25	4.860	5.163	5.585	
Nature	25	2.467	0.981	3.756	
along	25	4.432	3.137	5.042	
growth	25	3.230	1.499	4.132	
Soil	25	4.784	4.530	5.471	
S.	25	1.164	0.382	3.280	
saturation	25	4.926	6.079	5.690	
only	25	3.189	1.465	4.109	
denitrification	25	4.897	5.598	5.642	
elevated	25	4.786	4.545	5.474	
its	25	3.236	1.503	4.135	
via	24	4.405	3.311	5.075	
because	24	3.850	2.223	4.565	
relative	24	3.899	2.292	4.603	
these	24	1.563	0.554	3.410	
bioavailable	24	4.888	8.860	5.740	
climate	24	3.222	1.547	4.146	
plants	24	4.242	2.898	4.905	
gene	24	2.520	1.042	3.788	
then	23	3.646	2.060	4.445	
fertilizers	23	4.781	8.364	5.672	
measured	23	3.906	2.430	4.648	
leaf	23	4.593	4.560	5.382	
influences	23	4.687	5.464	5.520	
energy	23	3.816	2.291	4.575	
ammonium	23	4.621	4.778	5.422	
H.	23	2.567	1.105	3.818	
recycling	23	4.737	6.350	5.599	
ocean	23	3.746	2.191	4.520	
acquisition	23	4.644	4.981	5.455	
pools	23	4.700	5.639	5.539	
increases	23	4.309	3.300	5.032	
example	22	3.341	1.797	4.262	
process	22	3.920	2.607	4.703	
1	22	-0.939	-0.263	2.704	
limiting	22	4.586	5.486	5.466	
two	22	2.212	0.921	3.665	
amounts	22	4.467	4.389	5.296	
oxidized	22	4.590	5.540	5.471	
biomass	22	4.143	3.100	4.917	
following	22	4.093	2.973	4.866	
2	22	0.105	0.033	2.958	
balance	22	4.466	4.387	5.296	
terrestrial	22	4.377	3.905	5.181	
most	22	2.996	1.469	4.052	
higher	21	3.482	2.058	4.388	
View	21	2.515	1.149	3.812	
regulatory	21	4.281	3.928	5.137	
across	21	3.783	2.518	4.626	
incorporation	21	4.455	5.170	5.369	
processes	21	3.760	2.478	4.606	
release	21	4.201	3.588	5.042	
window	21	2.959	1.497	4.048	
+	21	1.272	0.469	3.303	
fixer	21	4.580	10.900	5.562	
retention	21	4.496	5.720	5.429	
yeast	21	4.294	3.991	5.153	
For	21	2.883	1.431	4.004	
E.	21	1.715	0.676	3.464	
waste	21	4.519	6.169	5.464	
potential	20	3.392	2.050	4.351	
argon	20	4.437	6.997	5.440	
primary	20	3.901	2.970	4.782	
protein	20	1.972	0.839	3.569	
TN	20	4.456	8.140	5.470	
pool	20	4.285	4.580	5.221	
crenarchaeota	20	4.454	7.913	5.466	
constraints	20	4.319	4.872	5.268	
budgets	20	4.445	7.373	5.453	
level	20	3.458	2.141	4.401	
base	20	4.236	4.241	5.156	
inventory	19	4.315	6.639	5.354	
determined	19	3.532	2.399	4.493	
present	19	3.208	1.921	4.247	
versus	19	3.904	3.262	4.840	
Massive	19	4.350	8.888	5.407	
where	19	3.078	1.767	4.159	
B.	19	2.020	0.898	3.592	
photosynthesis	19	4.160	4.455	5.138	
much	19	3.643	2.606	4.588	
Microbial	19	4.029	3.722	4.977	
doped	19	4.336	7.550	5.385	
transport	19	3.746	2.830	4.682	
loading	19	4.210	4.872	5.204	
nutrients	18	3.975	3.989	4.983	
Earth	18	3.348	2.246	4.380	
support	18	3.689	2.937	4.676	
site	18	3.305	2.178	4.346	
directly	18	3.736	3.067	4.722	
while	18	3.692	2.946	4.679	
co-limit	18	4.241	11.607	5.341	
containing	18	3.429	2.382	4.444	
stress	18	3.593	2.707	4.586	
Global	18	3.878	3.541	4.871	
application	18	3.969	3.955	4.975	
This	18	0.903	0.345	3.157	
kg	18	4.130	5.230	5.180	
F.	18	2.657	1.419	3.918	
we	18	0.219	0.077	2.944	
Reactive	18	4.234	8.881	5.330	
requirements	18	4.149	5.502	5.207	
Inorganic	17	4.104	7.767	5.233	
respectively	17	2.872	1.720	4.064	
it	17	1.111	0.453	3.221	
gain	17	3.994	4.994	5.080	
about	17	2.874	1.723	4.066	
occurs	17	3.771	3.548	4.813	
one	17	2.181	1.086	3.673	
D.	17	0.532	0.200	3.026	
Dissolved	17	4.098	7.332	5.223	
L.	17	1.403	0.600	3.331	
accumulation	16	3.613	3.371	4.701	
presence	16	2.952	1.933	4.138	
turnover	16	3.842	4.660	4.961	
nutrition	16	3.961	6.665	5.118	
controls	16	3.619	3.391	4.707	
pathway	16	3.210	2.340	4.332	
lost	16	3.851	4.751	4.973	
K.	16	1.602	0.738	3.407	
coupling	16	3.822	4.490	4.937	
We	16	1.062	0.445	3.194	
limits	16	3.842	4.661	4.961	
purged	16	3.993	9.230	5.164	
ambient	16	3.810	4.393	4.922	
pure	16	3.809	4.391	4.921	
and/or	16	3.708	3.776	4.803	
b	16	1.708	0.803	3.452	
N.	16	2.507	1.421	3.854	
bacterial	16	1.664	0.776	3.433	
would	16	2.595	1.509	3.906	
responsible	16	3.709	3.781	4.804	
dry	16	3.733	3.908	4.832	
important	15	2.613	1.620	3.928	
C	15	2.320	1.318	3.755	
contain	15	3.487	3.328	4.622	
groups	15	2.967	2.096	4.170	
evidence	15	2.943	2.058	4.153	
decrease	15	3.371	2.949	4.508	
Effects	15	3.685	4.368	4.839	
Phosphorus	15	3.858	8.050	5.060	
deprivation	15	3.847	7.225	5.045	
gases	15	3.671	4.260	4.822	
DON	15	3.862	8.424	5.065	
adsorption/desorption	15	3.868	9.692	5.074	
key	15	3.343	2.869	4.482	
leaching	15	3.846	7.186	5.044	
might	15	2.836	1.901	4.076	
forest	15	3.377	2.965	4.513	
nitrogen	15	2.935	2.046	4.147	
how	15	3.035	2.209	4.222	
removed	14	3.409	3.490	4.589	
Effect	14	3.569	4.441	4.765	
regulates	14	3.562	4.381	4.756	
Although	14	2.733	1.891	4.021	
indicates	14	3.046	2.428	4.257	
long-term	14	3.335	3.202	4.515	
silicon	14	3.579	4.524	4.776	
change	14	1.814	0.957	3.492	
experiments	14	2.340	1.417	3.771	
whether	14	3.062	2.461	4.270	
no	14	1.920	1.039	3.544	
light	14	2.600	1.712	3.931	
released	14	3.509	4.009	4.697	
DIN	14	3.737	9.508	4.974	
Revising	14	3.740	11.389	4.979	
`	14	1.502	0.741	3.349	
information	14	-0.804	-0.281	2.586	
increasing	14	3.098	2.539	4.300	
delivery	14	3.571	4.457	4.767	
5	14	-0.006	-0.002	2.807	
acquire	14	3.693	6.266	4.917	
European	14	3.514	4.042	4.702	
lower	14	2.618	1.736	3.943	
patterns	13	2.706	2.004	4.016	
sink	13	3.466	4.688	4.702	
rich	13	3.481	4.851	4.720	
each	13	0.387	0.164	2.908	
especially	13	3.310	3.611	4.533	
derived	13	2.959	2.479	4.210	
reduce	13	3.268	3.416	4.490	
caused	13	3.152	2.990	4.378	
15N	13	3.488	4.943	4.729	
upon	13	3.273	3.441	4.495	
hectare	13	3.591	7.938	4.855	
biogeochemical	13	3.441	4.456	4.674	
distribution	13	2.365	1.539	3.789	
whereas	13	2.637	1.896	3.967	
well	13	2.067	1.229	3.617	
essential	13	3.150	2.983	4.376	
controlled	13	3.277	3.457	4.499	
back-diffusion	13	3.604	11.360	4.872	
Cycling	13	3.589	7.795	4.853	
10	13	0.615	0.270	2.986	
studies	13	1.891	1.073	3.524	
some	13	2.014	1.179	3.588	
produced	12	2.696	2.173	4.022	
bacteria	12	0.832	0.396	3.043	
treatments	12	3.168	3.550	4.429	
being	12	2.771	2.321	4.079	
gross	12	3.405	5.870	4.686	
been	12	-0.808	-0.303	2.523	
c	12	1.535	0.845	3.339	
experimental	12	2.771	2.322	4.079	
Complex	12	3.412	6.059	4.695	
impacts	12	3.140	3.420	4.401	
organisms	12	2.682	2.147	4.011	
system	12	1.560	0.863	3.351	
gaseous	12	3.429	6.643	4.716	
stocks	12	3.369	5.186	4.644	
deposited	12	3.238	3.940	4.500	
element	12	3.266	4.129	4.530	
percentage	12	3.162	3.520	4.423	
three	12	1.587	0.884	3.364	
All	12	2.596	1.997	3.949	
excretion	12	3.436	6.923	4.723	
substrate	12	2.734	2.245	4.050	
supporting	12	3.338	4.776	4.608	
G.	12	0.557	0.253	2.942	
rapidly	12	3.135	3.394	4.396	
various	12	2.773	2.325	4.080	
urea	12	3.375	5.278	4.651	
activity	12	1.406	0.751	3.280	
abundant	12	2.930	2.699	4.209	
regulated	12	3.250	4.018	4.513	
enhances	12	3.359	5.047	4.633	
deficiency	12	3.367	5.162	4.642	
Data	12	2.257	1.521	3.725	
supplied	12	3.382	5.402	4.659	
measurement	12	3.173	3.571	4.433	
substrates	11	2.885	2.943	4.191	
efficient	11	2.998	3.380	4.294	
resulting	11	2.575	2.160	3.940	
enhanced	11	2.853	2.838	4.163	
applied	11	2.785	2.641	4.105	
suggests	11	2.638	2.290	3.988	
should	11	2.320	1.735	3.763	
controlling	11	3.151	4.325	4.447	
kept	11	3.180	4.598	4.478	
amino	11	2.697	2.420	4.034	
affect	11	2.843	2.807	4.154	
recovery	11	3.089	3.864	4.383	
observed	11	0.921	0.469	3.052	
Regulation	11	3.195	4.774	4.495	
estimated	11	2.628	2.268	3.980	
flushed	11	3.296	7.306	4.608	
share	11	3.183	4.628	4.481	
NH4	11	3.214	5.009	4.515	
provide	11	2.442	1.923	3.845	
if	11	2.333	1.754	3.771	
tonnes	11	3.271	6.170	4.579	
supplies	11	3.280	6.511	4.590	
either	11	2.396	1.849	3.813	
Terrestrial	11	3.273	6.253	4.582	
further	11	2.075	1.418	3.610	
methane-consuming	11	3.315	10.967	4.631	
Full	11	0.205	0.092	2.791	
implantation	11	3.292	7.094	4.604	
decreased	11	2.857	2.850	4.166	
Atlantic	11	2.434	1.910	3.839	
had	11	2.103	1.450	3.627	
respiration	11	2.994	3.361	4.290	
nitrous	11	3.260	5.875	4.567	
Assessment	11	3.214	5.015	4.515	
particular	11	2.764	2.586	4.088	
due	11	2.214	1.589	3.695	
Trichodesmium	11	3.214	5.008	4.514	
impact	11	2.695	2.417	4.033	
Article	10	-17.500	-2.708	0.377	
particularly	10	2.726	2.856	4.067	
formation	10	1.658	1.072	3.364	
shown	10	0.253	0.121	2.771	
additional	10	2.487	2.227	3.877	
show	10	1.590	1.008	3.328	
found	10	1.031	0.569	3.069	
land	10	2.631	2.573	3.988	
management	10	2.888	3.526	4.212	
transferred	10	2.860	3.387	4.186	
Ecol	10	2.298	1.871	3.743	
metabolic	10	2.174	1.679	3.661	
year	10	2.566	2.407	3.937	
average	10	1.874	1.295	3.481	
range	10	1.684	1.097	3.377	
times	10	2.268	1.822	3.723	
Fig.	10	-4.617	-1.299	1.655	
preferred	10	3.091	5.462	4.416	
Keywords	10	3.079	5.240	4.403	
4	10	-0.895	-0.360	2.420	
relation	10	2.982	4.132	4.303	
diversity	10	1.255	0.730	3.167	
As	10	1.766	1.179	3.421	
matter	10	2.683	2.722	4.031	
alternative	10	2.788	3.078	4.121	
variations	10	2.661	2.659	4.013	
needed	10	2.829	3.246	4.157	
transformation	10	2.960	3.969	4.281	
P	10	0.665	0.340	2.921	
known	10	1.821	1.238	3.451	
decreases	10	2.914	3.674	4.237	
enriched	10	2.892	3.546	4.215	
cellular	10	2.365	1.988	3.789	
need	10	2.671	2.686	4.021	
gradient	10	2.647	2.618	4.002	
nitrite	10	2.915	3.678	4.238	
convert	10	3.089	5.434	4.414	
heavy	10	2.962	3.981	4.283	
Symbiotic	10	3.146	7.589	4.477	
sequestration	10	3.062	4.982	4.385	
|	10	-31.161	-3.440	-0.322	
responses	10	2.375	2.006	3.796	
decomposition	10	2.962	3.981	4.283	
percent	10	3.069	5.076	4.392	
dominant	10	2.756	2.961	4.093	
values	10	1.405	0.848	3.237	
O.	10	2.475	2.202	3.868	
study	10	0.679	0.349	2.926	
Cycle	10	3.130	6.601	4.459	
backbone	10	3.082	5.300	4.407	
oxidation	10	2.424	2.098	3.831	
several	10	1.958	1.393	3.529	
plots	10	2.786	3.070	4.119	
Samples	10	2.953	3.914	4.274	
overall	10	2.721	2.842	4.063	
determine	10	2.574	2.427	3.944	
acid	9	1.204	0.740	3.111	
compound	9	2.731	3.481	4.078	
assessment	9	2.766	3.681	4.110	
communities	9	1.335	0.850	3.173	
aerobic	9	2.783	3.788	4.125	
they	9	0.956	0.554	3.001	
warming	9	2.055	1.667	3.569	
litter	9	2.834	4.179	4.174	
g	9	1.883	1.425	3.464	
does	9	2.202	1.911	3.666	
kilograms	9	2.993	8.752	4.336	
min	9	1.494	0.995	3.252	
fixes	9	2.994	9.045	4.337	
recycled	9	2.954	6.019	4.294	
fractionation	9	2.850	4.322	4.189	
emission	9	2.566	2.789	3.936	
inside	9	2.738	3.516	4.084	
flows	9	2.867	4.493	4.206	
productivity	9	2.587	2.859	3.953	
immobilization	9	2.967	6.520	4.308	
labelled	9	2.791	3.842	4.133	
interactions	9	1.817	1.343	3.426	
Segregation	9	2.996	9.540	4.339	
fraction	9	2.314	2.128	3.743	
remove	9	2.770	3.704	4.113	
constrains	9	2.985	7.669	4.328	
Growth	9	2.816	4.031	4.157	
flowing	9	2.949	5.883	4.289	
natural	9	1.748	1.261	3.387	
enters	9	2.956	6.099	4.297	
indicate	9	1.674	1.178	3.346	
reservoir	9	2.806	3.952	4.147	
''	9	1.891	1.435	3.469	
quantities	9	2.892	4.801	4.231	
phytoplankton	9	2.570	2.802	3.939	
signal	9	2.073	1.694	3.580	
results	8	0.172	0.091	2.646	
Influence	8	2.735	4.924	4.081	
geological	8	2.686	4.314	4.035	
Abstract	8	1.663	1.279	3.305	
To	8	0.765	0.455	2.874	
bulk	8	2.496	3.088	3.868	
contains	8	2.309	2.445	3.721	
onto	8	2.387	2.680	3.781	
Supplementary	8	-5.193	-1.504	1.433	
must	8	2.231	2.244	3.664	
proteins	8	-0.068	-0.034	2.564	
gradients	8	2.577	3.492	3.937	
analyzed	8	2.282	2.371	3.701	
sinks	8	2.731	4.857	4.077	
importance	8	2.328	2.500	3.736	
synthesis	8	1.779	1.431	3.372	
highly	8	1.683	1.305	3.316	
moisture	8	2.624	3.789	3.978	
suggest	8	1.927	1.649	3.461	
contributes	8	2.670	4.162	4.020	
imaging	8	2.100	1.957	3.573	
3	8	-3.069	-1.060	1.801	
out	8	1.437	1.023	3.184	
less	8	1.595	1.198	3.268	
These	8	0.384	0.210	2.723	
fate	8	2.703	4.498	4.051	
depletion	8	2.580	3.508	3.939	
affects	8	2.625	3.797	3.979	
makes	8	2.630	3.830	3.983	
abundance	8	1.365	0.950	3.147	
noble	8	2.780	5.872	4.125	
experiment	8	1.988	1.751	3.500	
complex	8	1.216	0.811	3.074	
unit	8	2.490	3.062	3.863	
back	8	2.526	3.224	3.893	
elemental	8	2.698	4.444	4.046	
Proc	8	1.477	1.066	3.205	
subsequent	8	2.414	2.772	3.802	
boron	8	2.786	6.065	4.131	
adding	8	2.657	4.046	4.008	
pageAbstract	8	2.693	4.387	4.042	
mainly	8	2.472	2.989	3.849	
air	8	2.201	2.173	3.643	
coastal	8	2.284	2.378	3.703	
throughout	8	2.386	2.678	3.780	
tracing	8	2.795	6.391	4.139	
When	8	2.291	2.395	3.708	
those	8	1.114	0.723	3.026	
Impact	8	2.733	4.886	4.079	
contribute	8	2.416	2.779	3.804	
contribution	8	2.415	2.774	3.803	
NtcA	7	2.637	8.161	3.972	
heterotrophic	7	2.421	3.555	3.780	
drying	7	2.551	4.809	3.893	
contrasting	7	2.572	5.165	3.912	
thus	7	1.631	1.382	3.239	
pattern	7	1.891	1.809	3.396	
Sea	7	1.728	1.528	3.295	
pH	7	1.081	0.758	2.954	
often	7	1.913	1.853	3.410	
15N-labelled	7	2.638	8.389	3.973	
Yeast	7	2.596	5.736	3.934	
mineralized	7	2.618	6.582	3.955	
mean	7	0.608	0.377	2.748	
ground	7	2.441	3.695	3.798	
calculated	7	1.424	1.114	3.125	
functionalities	7	2.626	7.060	3.962	
mixing	7	2.216	2.621	3.619	
needs	7	2.470	3.915	3.822	
significant	7	0.800	0.519	2.828	
altering	7	2.573	5.180	3.913	
tropospheric	7	2.563	5.002	3.904	
low-level	7	2.624	6.936	3.960	
since	7	2.150	2.417	3.571	
shows	7	1.260	0.933	3.041	
biogeochemistry	7	2.585	5.440	3.924	
surface	7	-1.317	-0.583	2.122	
drives	7	2.558	4.909	3.899	
capital	7	2.611	6.240	3.948	
relations	7	2.596	5.721	3.934	
alters	7	2.560	4.954	3.901	
altered	7	2.381	3.320	3.748	
Progressive	7	2.640	8.754	3.975	
NO3	7	2.460	3.831	3.813	
cessation	7	2.622	6.779	3.958	
any	7	1.465	1.164	3.147	
removing	7	2.546	4.729	3.888	
fertilized	7	2.606	6.056	3.943	
bedrock	7	2.589	5.555	3.928	
Diffraction	7	2.633	7.754	3.969	
aquatic	7	2.377	3.297	3.744	
converts	7	2.609	6.182	3.946	
Leptospirillum	7	2.613	6.320	3.950	
activities	7	2.125	2.346	3.553	
fuel	7	2.342	3.122	3.716	
taken	7	2.024	2.089	3.483	
soluble	7	2.455	3.791	3.809	
Evidence	7	2.408	3.478	3.770	
avoid	7	2.437	3.665	3.794	
isotopomers	7	2.641	9.082	3.976	
related	7	1.370	1.053	3.097	
environment	7	1.528	1.242	3.181	
Excess	7	2.630	7.399	3.966	
contained	7	2.177	2.496	3.590	
main-chain	7	2.641	9.022	3.976	
coral	7	1.952	1.930	3.435	
sediment	7	1.697	1.479	3.277	
extra	7	2.557	4.890	3.898	
gentle	7	2.613	6.342	3.950	
conversion	7	2.259	2.775	3.652	
environmental	7	1.104	0.779	2.965	
value	7	1.575	1.305	3.207	
major	7	1.484	1.187	3.157	
significantly	7	1.385	1.069	3.104	
metabolite	7	2.476	3.959	3.827	
ecosystem	7	1.812	1.666	3.346	
But	7	2.115	2.316	3.546	
assimilate	7	2.625	6.986	3.961	
sensitive	7	2.268	2.808	3.658	
sufficient	7	2.299	2.931	3.682	
metrics	7	2.275	2.834	3.664	
experienced	7	2.540	4.648	3.883	
estimates	7	1.886	1.800	3.392	
]	7	1.051	0.731	2.941	
adsorbed	7	2.581	5.345	3.920	
Top	7	0.057	0.031	2.539	
understanding	7	1.911	1.848	3.408	
sinking	7	2.575	5.217	3.914	
investigated	7	2.274	2.831	3.663	
Thus	7	1.770	1.595	3.321	
repression	7	2.558	4.912	3.899	
transporters	7	2.441	3.689	3.797	
radicals	7	2.578	5.297	3.918	
take	7	2.357	3.193	3.728	
pressurized	7	2.635	7.936	3.971	
profiles	7	2.026	2.093	3.484	
20	7	0.168	0.095	2.579	
Fixed	7	2.637	8.194	3.972	
rather	6	1.772	1.853	3.257	
indicated	6	1.024	0.781	2.852	
bacterium	6	1.978	2.378	3.392	
newly	6	2.242	3.561	3.586	
large	6	0.098	0.059	2.470	
stimulate	6	2.329	4.350	3.656	
generated	6	1.330	1.129	3.004	
Marine	6	1.953	2.304	3.375	
extracted	6	1.919	2.208	3.352	
X-ray	6	2.098	2.800	3.477	
Balancing	6	2.443	8.532	3.753	
After	6	1.530	1.413	3.113	
green	6	1.370	1.182	3.025	
enough	6	2.152	3.040	3.516	
influenced	6	2.210	3.357	3.561	
V.	6	0.918	0.677	2.802	
condition	6	2.165	3.106	3.526	
feedbacks	6	2.278	3.839	3.614	
reducing	6	2.079	2.724	3.463	
exported	6	2.390	5.367	3.707	
open	6	1.718	1.744	3.224	
crop	6	2.220	3.418	3.569	
salmon	6	2.379	5.129	3.698	
h	6	0.314	0.198	2.550	
therefore	6	1.427	1.260	3.056	
abundances	6	2.067	2.678	3.454	
migration	6	2.152	3.044	3.517	
amine	6	2.405	5.789	3.720	
Science	6	-0.339	-0.187	2.320	
yield	6	1.830	1.982	3.293	
streams	6	2.308	4.112	3.638	
evaporated	6	2.413	6.079	3.727	
aromatic	6	2.281	3.863	3.617	
reactions	6	1.726	1.760	3.229	
donor	6	2.248	3.606	3.591	
Table	6	-1.123	-0.544	2.084	
adds	6	2.397	5.538	3.713	
analyses	6	0.943	0.701	2.814	
lack	6	1.916	2.198	3.350	
central	6	1.740	1.789	3.237	
determination	6	2.175	3.157	3.534	
distributions	6	1.981	2.385	3.394	
homogenized	6	2.386	5.262	3.703	
immediately	6	2.174	3.154	3.533	
limitations	6	2.280	3.854	3.616	
based	6	0.212	0.130	2.512	
wet	6	2.263	3.712	3.602	
induced	6	1.678	1.667	3.199	
capacity	6	1.833	1.990	3.296	
limit	6	2.051	2.620	3.443	
weight	6	1.897	2.149	3.337	
PON	6	2.446	9.285	3.755	
relationship	6	1.629	1.578	3.170	
N2O	6	2.194	3.262	3.549	
tissue	6	1.557	1.457	3.129	
minimal	6	2.172	3.144	3.532	
signatures	6	2.313	4.162	3.642	
coupled	6	1.903	2.163	3.341	
do	6	1.253	1.034	2.964	
entering	6	2.393	5.429	3.709	
pairing	6	2.426	6.721	3.738	
provided	6	1.568	1.474	3.135	
autotrophic	6	2.351	4.636	3.674	
replaced	6	2.285	3.900	3.620	
helium	6	2.410	5.955	3.724	
DOC	6	2.281	3.858	3.616	
result	6	1.117	0.878	2.896	
number	6	-0.463	-0.250	2.280	
relatively	6	1.557	1.457	3.129	
cascade	6	2.337	4.449	3.662	
appears	6	2.168	3.122	3.529	
annual	6	1.836	1.998	3.298	
model	6	-1.534	-0.702	1.974	
HN	6	2.433	7.205	3.744	
molecule	6	2.061	2.658	3.450	
report	6	2.028	2.538	3.426	
30	6	0.362	0.231	2.569	
line	6	1.046	0.804	2.862	
enzymes	6	1.534	1.419	3.115	
benthic	6	2.226	3.455	3.573	
regional	6	1.981	2.388	3.394	
estimate	6	1.800	1.915	3.275	
focusing	6	2.370	4.937	3.689	
regulate	6	2.180	3.182	3.537	
lignin	6	2.399	5.594	3.714	
degreesC	6	-0.706	-0.366	2.204	
scarce	6	2.403	5.707	3.718	
host	6	0.534	0.355	2.637	
compared	6	0.639	0.436	2.681	
specific	6	0.779	0.552	2.741	
Figure	6	-5.191	-1.641	1.250	
exceeding	6	2.371	4.965	3.691	
temperatures	6	1.441	1.281	3.064	
pageIntroduction	6	2.344	4.535	3.668	
movement	6	2.211	3.362	3.562	
area	6	0.943	0.701	2.814	
monoxide	6	2.391	5.387	3.708	
size	6	-2.847	-1.113	1.671	
chemistry	6	2.006	2.465	3.411	
diatom-bound	6	2.449	11.415	3.758	
subsequently	6	2.138	2.976	3.506	
riverine	6	2.395	5.478	3.711	
potassium	6	2.311	4.145	3.641	
produce	6	1.674	1.659	3.197	
community	6	-0.026	-0.015	2.426	
dietary	6	2.287	3.918	3.622	
Frozen	6	2.437	7.660	3.748	
varying	6	2.204	3.321	3.556	
Original	6	2.197	3.280	3.551	
gray	6	2.323	4.271	3.650	
Atmospheric	6	2.183	3.199	3.540	
purity	6	2.375	5.042	3.694	
obtain	6	2.095	2.787	3.474	
roles	6	2.048	2.609	3.441	
leads	6	2.000	2.446	3.407	
treatment	6	1.033	0.790	2.856	
regenerated	6	2.422	6.455	3.734	
included	6	1.811	1.941	3.282	
cell	6	-3.387	-1.253	1.563	
It	5	0.237	0.161	2.411	
arginine	5	2.144	4.608	3.423	
down	5	1.784	2.305	3.170	
requires	5	1.711	2.090	3.123	
day	5	1.306	1.266	2.891	
Next	5	0.626	0.474	2.568	
dopants	5	2.228	8.107	3.489	
index	5	0.023	0.015	2.332	
Because	5	1.634	1.894	3.076	
fixation1	5	2.235	10.982	3.495	
pressure	5	1.443	1.495	2.965	
loads	5	2.192	5.660	3.460	
product	5	1.565	1.737	3.035	
cyanobacterial	5	2.004	3.266	3.319	
Refactoring	5	2.235	10.982	3.495	
bound	5	1.837	2.486	3.204	
foliar	5	2.212	6.529	3.476	
defined	5	1.442	1.493	2.964	
periods	5	1.712	2.093	3.124	
Intensive	5	2.230	8.537	3.491	
science	5	1.812	2.399	3.188	
delivered	5	2.128	4.369	3.411	
usually	5	1.896	2.716	3.244	
ring	5	1.958	3.006	3.286	
even	5	0.868	0.709	2.675	
efficiently	5	2.064	3.697	3.362	
enhance	5	1.966	3.048	3.292	
requirement	5	2.094	3.980	3.385	
incorporated	5	2.064	3.703	3.363	
analyser	5	2.195	5.776	3.463	
access	5	1.944	2.937	3.277	
lyophilized	5	2.212	6.537	3.476	
If	5	1.555	1.715	3.029	
balances	5	2.207	6.263	3.472	
plant-available	5	2.227	7.962	3.488	
shortage	5	2.221	7.257	3.484	
free	5	1.728	2.139	3.134	
tuberculosis	5	1.877	2.637	3.231	
majority	5	1.901	2.736	3.247	
residue	5	1.991	3.192	3.310	
laser	5	1.816	2.413	3.191	
producing	5	1.966	3.048	3.292	
delta15N	5	2.165	4.982	3.439	
simulated	5	1.866	2.594	3.223	
suggested	5	1.580	1.770	3.044	
obtained	5	0.367	0.258	2.462	
owing	5	1.645	1.919	3.083	
side-chain	5	2.222	7.331	3.484	
changing	5	1.885	2.670	3.236	
Sources	5	2.161	4.889	3.436	
Reduced	5	2.180	5.309	3.451	
observations	5	1.164	1.061	2.817	
Whereas	5	2.108	4.131	3.396	
Base	5	2.219	7.022	3.482	
states	5	1.816	2.412	3.190	
mycorrhizal	5	2.091	3.946	3.383	
log	5	2.071	3.759	3.368	
manure	5	2.203	6.085	3.469	
litre	5	2.202	6.033	3.468	
correlated	5	1.746	2.189	3.145	
molecules	5	1.092	0.967	2.781	
except	5	1.838	2.488	3.205	
now	5	1.393	1.408	2.938	
period	5	0.861	0.701	2.671	
permease	5	2.202	6.033	3.468	
enter	5	2.125	4.330	3.408	
general	5	1.437	1.484	2.962	
require	5	1.774	2.275	3.163	
presumably	5	2.064	3.703	3.363	
Salmonella	5	1.905	2.756	3.250	
remains	5	1.599	1.812	3.055	
fungi	5	1.719	2.114	3.129	
mass	5	0.513	0.376	2.521	
depleted	5	2.053	3.611	3.355	
d	5	-0.009	-0.006	2.320	
``	5	0.793	0.631	2.641	
mobilization	5	2.192	5.668	3.460	
subjected	5	1.926	2.852	3.265	
exceeds	5	2.150	4.692	3.427	
synthetic	5	1.736	2.162	3.139	
corresponding	5	1.200	1.110	2.835	
problem	5	1.868	2.605	3.225	
medium	5	0.982	0.834	2.728	
free-living	5	2.090	3.932	3.382	
table	5	1.417	1.448	2.950	
yr-1	5	1.770	2.262	3.161	
converting	5	2.189	5.570	3.458	
characterized	5	1.602	1.818	3.057	
poor	5	2.031	3.450	3.339	
better	5	1.639	1.905	3.079	
At	5	0.971	0.822	2.723	
case	5	1.171	1.069	2.820	
RNA	5	0.611	0.460	2.561	
usage	5	2.161	4.896	3.436	
improve	5	1.925	2.846	3.264	
react	5	2.160	4.868	3.435	
Stable	5	2.143	4.582	3.422	
symbiosis	5	2.044	3.542	3.348	
consumption	5	1.778	2.288	3.166	
followed	5	1.289	1.239	2.881	
agricultural	5	1.943	2.931	3.276	
nutrient	5	1.393	1.408	2.938	
internal	5	1.725	2.129	3.132	
However	5	-0.512	-0.297	2.151	
intracellular	5	1.589	1.790	3.049	
completely	5	1.888	2.683	3.238	
recently	5	1.536	1.676	3.018	
include	5	1.464	1.534	2.977	
glutamine	5	2.112	4.167	3.398	
kilogram	5	2.224	7.479	3.485	
currently	5	1.868	2.604	3.225	
inert	5	2.191	5.648	3.460	
maintain	5	1.947	2.953	3.279	
metabolites	5	1.844	2.510	3.209	
seems	5	1.699	2.058	3.116	
previously	5	0.892	0.734	2.686	
reduces	5	2.009	3.297	3.322	
operation	5	2.110	4.153	3.397	
systems	5	0.383	0.271	2.468	
seawater	5	1.715	2.102	3.126	
combination	5	1.646	1.922	3.083	
Ile	5	2.219	7.043	3.482	
Geoscience	5	2.140	4.546	3.420	
orange	5	1.995	3.213	3.313	
resources	5	1.871	2.614	3.227	
functional	5	0.747	0.587	2.620	
direct	5	1.262	1.199	2.867	
human	5	-0.780	-0.432	2.068	
New	5	0.938	0.785	2.707	
Chronic	5	2.216	6.785	3.479	
rock	5	2.003	3.264	3.319	
own	5	2.017	3.352	3.329	
surplus	5	2.222	7.344	3.484	
ions	5	1.759	2.230	3.154	
CaCO3	5	2.143	4.584	3.422	
expressed	5	1.272	1.213	2.872	
integrated	5	1.810	2.390	3.186	
Coupled	5	2.187	5.519	3.457	
add	5	2.132	4.424	3.414	

